{
 "cells": [
  {
   "cell_type": "code",
   "execution_count": 6,
   "id": "03d5bac8",
   "metadata": {},
   "outputs": [
    {
     "name": "stdout",
     "output_type": "stream",
     "text": [
      "Matrix 1:\n",
      "Original Matrix\n",
      "[[-4  9  4]\n",
      " [ 0 -3 10]\n",
      " [-4  8  0]]\n",
      "\n",
      "Determinant: -88.0000\n",
      "\n",
      "Inverse of Matrix:\n",
      "[[ 0.90909091 -0.36363636 -1.15909091]\n",
      " [ 0.45454545 -0.18181818 -0.45454545]\n",
      " [ 0.13636364  0.04545455 -0.13636364]]\n",
      "\n",
      "Verification (M × inverse_Matrix):\n",
      "[[ 1.  0.  0.]\n",
      " [ 0.  1. -0.]\n",
      " [-0.  0.  1.]]\n",
      "\n",
      "Matrix 2:\n",
      "Original Matrix\n",
      "[[ 0 10 -7]\n",
      " [-3 -8 10]\n",
      " [-9  1 -5]]\n",
      "\n",
      "Determinant: -525.0000\n",
      "\n",
      "Inverse of Matrix:\n",
      "[[-0.05714286 -0.08190476 -0.08380952]\n",
      " [ 0.2         0.12       -0.04      ]\n",
      " [ 0.14285714  0.17142857 -0.05714286]]\n",
      "\n",
      "Verification (M × inverse_Matrix):\n",
      "[[ 1. -0. -0.]\n",
      " [ 0.  1. -0.]\n",
      " [ 0.  0.  1.]]\n",
      "\n",
      "Matrix 3:\n",
      "Original Matrix\n",
      "[[ -9  10 -10]\n",
      " [  1   1   6]\n",
      " [ -1   5   4]]\n",
      "\n",
      "Determinant: 74.0000\n",
      "\n",
      "Inverse of Matrix:\n",
      "[[-0.35135135 -1.21621622  0.94594595]\n",
      " [-0.13513514 -0.62162162  0.59459459]\n",
      " [ 0.08108108  0.47297297 -0.25675676]]\n",
      "\n",
      "Verification (M × inverse_Matrix):\n",
      "[[ 1. -0.  0.]\n",
      " [ 0.  1. -0.]\n",
      " [-0. -0.  1.]]\n",
      "\n"
     ]
    }
   ],
   "source": [
    "import numpy as np\n",
    "import pandas as pd\n",
    "\n",
    "np.random.seed(42)\n",
    "\n",
    "# Generate 3 random 3x3 matrices from -10 to 10\n",
    "matrices = []\n",
    "for i in range(3):\n",
    "    M = np.random.randint(-10, 11, size=(3, 3))\n",
    "    matrices.append(M)\n",
    "    print(f\"Matrix {i+1}:\")\n",
    "    print(\"Original Matrix\")\n",
    "    print(M)\n",
    "    print()\n",
    "\n",
    "# Generate determinant for each matrix\n",
    "    det = np.linalg.det(M)\n",
    "    print(f\"Determinant: {det:.4f}\")\n",
    "    print()\n",
    "    \n",
    "    if abs(det) > 0.0001:\n",
    "        inv_M = np.linalg.inv(M)\n",
    "        print(\"Inverse of Matrix:\")\n",
    "        print(inv_M)\n",
    "        print()\n",
    "        \n",
    "        product = M @ inv_M\n",
    "        print(\"Verification (M × inverse_Matrix):\")\n",
    "        print(np.round(product, 10))\n",
    "        print()\n",
    "    else:\n",
    "        print(\"Does not have inverse\")"
   ]
  },
  {
   "cell_type": "code",
   "execution_count": 7,
   "id": "bf433104",
   "metadata": {},
   "outputs": [
    {
     "name": "stdout",
     "output_type": "stream",
     "text": [
      "PART 1: Statistics\n",
      "                    mean       min          max           var\n",
      "bedrooms           3.371     0.000       33.000  8.650000e-01\n",
      "bathrooms          2.115     0.000        8.000  5.930000e-01\n",
      "sqft_living     2079.900   290.000    13540.000  8.435337e+05\n",
      "sqft_lot       15106.968   520.000  1651359.000  1.715659e+09\n",
      "floors             1.494     1.000        3.500  2.920000e-01\n",
      "waterfront         0.008     0.000        1.000  7.000000e-03\n",
      "view               0.234     0.000        4.000  5.870000e-01\n",
      "condition          3.409     1.000        5.000  4.230000e-01\n",
      "grade              7.657     1.000       13.000  1.382000e+00\n",
      "sqft_above      1788.391   290.000     9410.000  6.857347e+05\n",
      "sqft_basement    291.509     0.000     4820.000  1.958727e+05\n",
      "yr_built        1971.005  1900.000     2015.000  8.627970e+02\n",
      "yr_renovated      84.402     0.000     2015.000  1.613462e+05\n",
      "lat               47.560    47.156       47.778  1.900000e-02\n",
      "long            -122.214  -122.519     -121.315  2.000000e-02\n",
      "sqft_living15   1986.552   399.000     6210.000  4.697612e+05\n",
      "sqft_lot15     12768.456   651.000   871200.000  7.455182e+08\n",
      "\n",
      "Highest average feature:sqft_lot (15106.968)\n",
      "Lowest average feature:long (-122.214)\n",
      "Highest variance feature:sqft_lot (1715658774.175)\n",
      "Lowest variance feature:waterfront(0.007)\n"
     ]
    }
   ],
   "source": [
    "# Question 5: Average, variance, and correlation\n",
    "# Load data\n",
    "df = pd.read_csv('kc_house_data.csv')\n",
    "\n",
    "# Remove id, date, zipcode\n",
    "df = df.drop(columns=['id', 'date', 'zipcode'])\n",
    "\n",
    "# Select feature but price\n",
    "features = [col for col in df.columns if col != 'price']\n",
    "\n",
    "# Part 1: Compute statistics\n",
    "stats = df[features].agg(['mean', 'min', 'max', 'var']).T.round(3)\n",
    "\n",
    "# Results\n",
    "print(\"PART 1: Statistics\")\n",
    "print(stats)\n",
    "print(f\"\\nHighest average feature:{stats['mean'].idxmax()} ({stats['mean'].max()})\")\n",
    "print(f\"Lowest average feature:{stats['mean'].idxmin()} ({stats['mean'].min()})\")\n",
    "print(f\"Highest variance feature:{stats['var'].idxmax()} ({stats['var'].max()})\")\n",
    "print(f\"Lowest variance feature:{stats['var'].idxmin()}({stats['var'].min()})\")"
   ]
  },
  {
   "cell_type": "code",
   "execution_count": 8,
   "id": "fa651f52",
   "metadata": {},
   "outputs": [
    {
     "name": "stdout",
     "output_type": "stream",
     "text": [
      "\n",
      "PART 2: Correlation with Price\n",
      "\n",
      "sqft_living      0.702\n",
      "grade            0.667\n",
      "sqft_above       0.606\n",
      "sqft_living15    0.585\n",
      "bathrooms        0.525\n",
      "view             0.397\n",
      "sqft_basement    0.324\n",
      "bedrooms         0.308\n",
      "lat              0.307\n",
      "waterfront       0.266\n",
      "floors           0.257\n",
      "yr_renovated     0.126\n",
      "sqft_lot         0.090\n",
      "sqft_lot15       0.082\n",
      "yr_built         0.054\n",
      "condition        0.036\n",
      "long             0.022\n",
      "dtype: float64\n",
      "\n",
      "Features: ['sqft_living', 'grade', 'sqft_above', 'sqft_living15', 'bathrooms', 'view', 'sqft_basement', 'bedrooms', 'lat', 'waterfront', 'floors', 'yr_renovated', 'sqft_lot', 'sqft_lot15', 'yr_built', 'condition', 'long']\n",
      "Highest positive correlation: sqft_living (0.702)\n"
     ]
    }
   ],
   "source": [
    "# Part 2: Correlation with price\n",
    "corr = df[features].corrwith(df['price']).round(3).sort_values(ascending=False)\n",
    "\n",
    "# Results\n",
    "print(f\"\\nPART 2: Correlation with Price\\n\")\n",
    "print(corr)\n",
    "\n",
    "# Filter only positive correlations\n",
    "positive_corr = corr[corr > 0]\n",
    "\n",
    "# List them\n",
    "print(f\"\\nFeatures: {list(positive_corr.index)}\")\n",
    "\n",
    "# Highest positive correlation\n",
    "print(f\"Highest positive correlation: {corr.idxmax()} ({corr.max()})\")"
   ]
  },
  {
   "cell_type": "code",
   "execution_count": 9,
   "id": "c611390d",
   "metadata": {},
   "outputs": [
    {
     "name": "stdout",
     "output_type": "stream",
     "text": [
      "\n",
      "PART 3: Negative Correlations\n",
      "Number of negative correlations: 0\n"
     ]
    }
   ],
   "source": [
    "# Part 3: Negative correlations\n",
    "negative_corr = corr[corr < 0]\n",
    "print(f\"\\nPART 3: Negative Correlations\")\n",
    "print(f\"Number of negative correlations: {len(negative_corr)}\")"
   ]
  },
  {
   "cell_type": "code",
   "execution_count": null,
   "id": "31f24315",
   "metadata": {},
   "outputs": [],
   "source": []
  }
 ],
 "metadata": {
  "kernelspec": {
   "display_name": "base",
   "language": "python",
   "name": "python3"
  },
  "language_info": {
   "codemirror_mode": {
    "name": "ipython",
    "version": 3
   },
   "file_extension": ".py",
   "mimetype": "text/x-python",
   "name": "python",
   "nbconvert_exporter": "python",
   "pygments_lexer": "ipython3",
   "version": "3.12.12"
  }
 },
 "nbformat": 4,
 "nbformat_minor": 5
}
