{
 "cells": [
  {
   "cell_type": "code",
   "execution_count": 15,
   "id": "03d5bac8",
   "metadata": {},
   "outputs": [
    {
     "name": "stdout",
     "output_type": "stream",
     "text": [
      "Matrix 1:\n",
      "Original Matrix\n",
      "[[-4  9  4]\n",
      " [ 0 -3 10]\n",
      " [-4  8  0]]\n",
      "Determinant: -88.0000\n",
      "\n",
      "Inverse of Matrix:\n",
      "[[ 0.90909091 -0.36363636 -1.15909091]\n",
      " [ 0.45454545 -0.18181818 -0.45454545]\n",
      " [ 0.13636364  0.04545455 -0.13636364]]\n",
      "\n",
      "Verification (M × inverse_Matrix):\n",
      "[[ 1.  0.  0.]\n",
      " [ 0.  1. -0.]\n",
      " [-0.  0.  1.]]\n",
      "\n",
      "Matrix 2:\n",
      "Original Matrix\n",
      "[[ 0 10 -7]\n",
      " [-3 -8 10]\n",
      " [-9  1 -5]]\n",
      "Determinant: -525.0000\n",
      "\n",
      "Inverse of Matrix:\n",
      "[[-0.05714286 -0.08190476 -0.08380952]\n",
      " [ 0.2         0.12       -0.04      ]\n",
      " [ 0.14285714  0.17142857 -0.05714286]]\n",
      "\n",
      "Verification (M × inverse_Matrix):\n",
      "[[ 1. -0. -0.]\n",
      " [ 0.  1. -0.]\n",
      " [ 0.  0.  1.]]\n",
      "\n",
      "Matrix 3:\n",
      "Original Matrix\n",
      "[[ -9  10 -10]\n",
      " [  1   1   6]\n",
      " [ -1   5   4]]\n",
      "Determinant: 74.0000\n",
      "\n",
      "Inverse of Matrix:\n",
      "[[-0.35135135 -1.21621622  0.94594595]\n",
      " [-0.13513514 -0.62162162  0.59459459]\n",
      " [ 0.08108108  0.47297297 -0.25675676]]\n",
      "\n",
      "Verification (M × inverse_Matrix):\n",
      "[[ 1. -0.  0.]\n",
      " [ 0.  1. -0.]\n",
      " [-0. -0.  1.]]\n",
      "\n"
     ]
    }
   ],
   "source": [
    "import numpy as np\n",
    "import pandas as pd\n",
    "\n",
    "np.random.seed(42)\n",
    "\n",
    "# Generate 3 random 3x3 matrices from -10 to 10\n",
    "matrices = []\n",
    "for i in range(3):\n",
    "    M = np.random.randint(-10, 11, size=(3, 3))\n",
    "    matrices.append(M)\n",
    "    print(f\"Matrix {i+1}:\")\n",
    "    print(\"Original Matrix\")\n",
    "    print(M)\n",
    "    print\n",
    "\n",
    "# Generate determinant for each matrix\n",
    "    det = np.linalg.det(M)\n",
    "    print(f\"Determinant: {det:.4f}\")\n",
    "    print()\n",
    "    \n",
    "    if abs(det) > 0.0001:\n",
    "        inv_M = np.linalg.inv(M)\n",
    "        print(\"Inverse of Matrix:\")\n",
    "        print(inv_M)\n",
    "        print()\n",
    "        \n",
    "        product = M @ inv_M\n",
    "        print(\"Verification (M × inverse_Matrix):\")\n",
    "        print(np.round(product, 10))\n",
    "        print()\n",
    "    else:\n",
    "        print(\"Does not have inverse\")\n",
    "        print()"
   ]
  },
  {
   "cell_type": "code",
   "execution_count": 19,
   "id": "bf433104",
   "metadata": {},
   "outputs": [
    {
     "name": "stdout",
     "output_type": "stream",
     "text": [
      "PART 1: Statistics\n",
      "                       mean        min           max           var\n",
      "bedrooms           3.370842     0.0000  3.300000e+01  8.650150e-01\n",
      "bathrooms          2.114757     0.0000  8.000000e+00  5.931513e-01\n",
      "sqft_living     2079.899736   290.0000  1.354000e+04  8.435337e+05\n",
      "sqft_lot       15106.967566   520.0000  1.651359e+06  1.715659e+09\n",
      "floors             1.494309     1.0000  3.500000e+00  2.915880e-01\n",
      "waterfront         0.007542     0.0000  1.000000e+00  7.485226e-03\n",
      "view               0.234303     0.0000  4.000000e+00  5.872426e-01\n",
      "condition          3.409430     1.0000  5.000000e+00  4.234665e-01\n",
      "grade              7.656873     1.0000  1.300000e+01  1.381703e+00\n",
      "sqft_above      1788.390691   290.0000  9.410000e+03  6.857347e+05\n",
      "sqft_basement    291.509045     0.0000  4.820000e+03  1.958727e+05\n",
      "yr_built        1971.005136  1900.0000  2.015000e+03  8.627973e+02\n",
      "yr_renovated      84.402258     0.0000  2.015000e+03  1.613462e+05\n",
      "lat               47.560053    47.1559  4.777760e+01  1.919990e-02\n",
      "long            -122.213896  -122.5190 -1.213150e+02  1.983262e-02\n",
      "sqft_living15   1986.552492   399.0000  6.210000e+03  4.697612e+05\n",
      "sqft_lot15     12768.455652   651.0000  8.712000e+05  7.455182e+08\n",
      "\n",
      "Highest average feature:sqft_lot (15106.967565816869)\n",
      "Lowest average feature:long (-122.21389640494147)\n",
      "Highest variance feature:sqft_lot (1715658774.1754541)\n",
      "Lowest variance feature:waterfront( 0.007485225502689098)\n",
      "\n",
      "PART 2: Correlation with Price\n",
      "\n",
      "sqft_living      0.702035\n",
      "grade            0.667434\n",
      "sqft_above       0.605567\n",
      "sqft_living15    0.585379\n",
      "bathrooms        0.525138\n",
      "view             0.397293\n",
      "sqft_basement    0.323816\n",
      "bedrooms         0.308350\n",
      "lat              0.307003\n",
      "waterfront       0.266369\n",
      "floors           0.256794\n",
      "yr_renovated     0.126434\n",
      "sqft_lot         0.089661\n",
      "sqft_lot15       0.082447\n",
      "yr_built         0.054012\n",
      "condition        0.036362\n",
      "long             0.021626\n",
      "dtype: float64\n",
      "\n",
      "Features: ['sqft_living', 'grade', 'sqft_above', 'sqft_living15', 'bathrooms', 'view', 'sqft_basement', 'bedrooms', 'lat', 'waterfront', 'floors', 'yr_renovated', 'sqft_lot', 'sqft_lot15', 'yr_built', 'condition', 'long']\n",
      "Highest positive correlation: sqft_living (0.7020350546118003)\n"
     ]
    }
   ],
   "source": [
    "# Load data\n",
    "df = pd.read_csv('kc_house_data.csv')\n",
    "\n",
    "# Remove id, date, zipcode\n",
    "df = df.drop(columns=['id', 'date', 'zipcode'])\n",
    "\n",
    "# Select feature but price\n",
    "features = [col for col in df.columns if col != 'price']\n",
    "\n",
    "# Part 1: Compute statistics\n",
    "stats = df[features].agg(['mean', 'min', 'max', 'var']).T\n",
    "\n",
    "# Part 2: Correlation with price\n",
    "corr = df[features].corrwith(df['price']).sort_values(ascending=False)\n",
    "\n",
    "# Display results\n",
    "print(\"PART 1: Statistics\")\n",
    "print(stats)\n",
    "print(f\"\\nHighest average feature:{stats['mean'].idxmax()} ({stats['mean'].max()})\")\n",
    "print(f\"Lowest average feature:{stats['mean'].idxmin()} ({stats['mean'].min()})\")\n",
    "print(f\"Highest variance feature:{stats['var'].idxmax()} ({stats['var'].max()})\")\n",
    "print(f\"Lowest variance feature:{stats['var'].idxmin()}( {stats['var'].min()})\")\n",
    "\n",
    "print(f\"\\nPART 2: Correlation with Price\\n\")\n",
    "print(corr)\n",
    "\n",
    "# Filter only positive correlations\n",
    "positive_corr = corr[corr > 0]\n",
    "\n",
    "# List them\n",
    "print(f\"\\nFeatures: {list(positive_corr.index)}\")\n",
    "\n",
    "# Highest positive correlation\n",
    "print(f\"Highest positive correlation: {corr.idxmax()} ({corr.max()})\")"
   ]
  },
  {
   "cell_type": "code",
   "execution_count": null,
   "id": "8df59ae6",
   "metadata": {},
   "outputs": [],
   "source": []
  }
 ],
 "metadata": {
  "kernelspec": {
   "display_name": "base",
   "language": "python",
   "name": "python3"
  },
  "language_info": {
   "codemirror_mode": {
    "name": "ipython",
    "version": 3
   },
   "file_extension": ".py",
   "mimetype": "text/x-python",
   "name": "python",
   "nbconvert_exporter": "python",
   "pygments_lexer": "ipython3",
   "version": "3.12.12"
  }
 },
 "nbformat": 4,
 "nbformat_minor": 5
}
